1.00000000000000e-05
1.00000000000000e-05
1.00000000000000e-05
1.00000000000000e-05
1.00000000000000e-05
1.00000000000000e-05
1.00000000000000e-05
1.00000000000000e-05
1.00000000000000e-05
1.00000000000000e-05
1.00000000000000e-05
1.00000000000000e-05
1.00000000000000e-05
1.00000000000000e-05
1.00000000000000e-05
1.00000000000000e-05
1.00000000000000e-05
1.00000000000000e-05
1.00000000000000e-05
1.00000000000000e-05
1.00000000000000e-05
1.00000000000000e-05
1.00000000000000e-05
1.00000000000000e-05
1.00000000000000e-05
1.00000000000000e-05
1.00000000000000e-05
1.00000000000000e-05
1.00000000000000e-05
1.00000000000000e-05
1.00000000000000e-05
1.00000000000000e-05
1.00000000000000e-05
1.00000000000000e-05
1.00000000000000e-05
1.00000000000000e-05
1.00000000000000e-05
1.00000000000000e-05
1.00000000000000e-05
1.00000000000000e-05
1.00000000000000e-05
1.00000000000000e-05
1.00000000000000e-05
1.00000000000000e-05
1.00000000000000e-05
0.0757043054358677
0.225100865167309
0.669319917900807
1.99017072709054
2.40720611409992
2.89976022931754
3.49309904884308
4.20784478718787
5.06883930443609
6.10600751539766
7.35539746652920
8.24795731524004
8.71975594175869
9.21854233451779
9.74586024435871
10.3033417275661
10.8927121971047
11.5157957627970
12.1745208769677
12.8709263030315
13.6071674254937
14.3855229208956
15.1546814831248
15.7946241811669
16.4615899913235
17.1567200291829
17.8812035966702
18.6362802168312
19.4232417545388
20.2434346267522
21.0982621061096
21.9891867217948
22.9177327617869
23.8854888807735
24.8941108181885
25.9453242310268
27.0409276462797
28.1827955380458
29.3728815345789
30.6132217607619
31.9059383217242
33.2532429335636
34.6574407073836
36.1209340931215
37.6462269899134
39.2359290300295
40.8927600437084
42.6195547125307
44.4192674192915
46.2949773026704
48.2498935253478
50.2873607645795
52.4108649346234
54.6240391508109
56.9306699454636
59.3347037462937
61.8402536283692
64.4516063511971
67.1732296929654
70.0097800944890
72.9661106259417
76.0472792900013
79.2585576756142
82.6054399771881
86.0936523946398
89.7291629303826
93.5181916000166
97.4672210741879
100.744925380805
102.733254345456
104.760825505749
106.828413356219
108.936807677034
111.086813835679
113.279253094584
115.514962924837
117.794797326082
120.119627152730
122.490340446607
124.907842776172
127.373057582428
129.886926531659
132.450409875125
135.064486815866
137.730155882736
140.448435311823
143.220363435397
146.046999078534
148.929421963563
151.868733122509
154.866055317656
157.922533470431
161.039335098736
164.217650762922
167.155545660132
168.268056284277
169.387971268739
170.515339893541
171.650211766695
172.792636826379
173.942665343138
175.100347922093
176.265735505171
177.438879373345
178.619831148888
179.808642797652
180.000000000000
180.000000000000
180.000000000000
180.000000000000
180.000000000000
180.000000000000
180.000000000000
180.000000000000
180.000000000000
180.000000000000
180.000000000000
180.000000000000
180.000000000000
180.000000000000
180.000000000000
180.000000000000
180.000000000000
180.000000000000
180.000000000000
180.000000000000
180.000000000000
180.000000000000
180.000000000000
180.000000000000
180.000000000000
180.000000000000
180.000000000000
180.000000000000
180.000000000000
180.000000000000
180.000000000000
180.000000000000
180.000000000000
180.000000000000
180.000000000000
180.000000000000
180.000000000000
180.000000000000
180.000000000000
180.000000000000
180.000000000000
180.000000000000
180.000000000000
180.000000000000
180.000000000000
180.000000000000
180.000000000000
180.000000000000
180.000000000000