90.0000
87.5000
85.0000
82.5000
80.0000
77.5000
75.0000
72.5000
70.0000
67.5000
65.0000
62.5000
60.0000
57.5000
55.0000
52.5000
50.0000
47.5000
45.0000
42.5000
40.0000
37.5000
35.0000
32.5000
30.0000
27.5000
25.0000
22.5000
20.0000
17.5000
15.0000
12.5000
10.0000
7.5000
5.0000
2.5000
0
-2.5000
-5.0000
-7.5000
-10.0000
-12.5000
-15.0000
-17.5000
-20.0000
-22.5000
-25.0000
-27.5000
-30.0000
-32.5000
-35.0000
-37.5000
-40.0000
-42.5000
-45.0000
-47.5000
-50.0000
-52.5000
-55.0000
-57.5000
-60.0000
-62.5000
-65.0000
-67.5000
-70.0000
-72.5000
-75.0000
-77.5000
-80.0000
-82.5000
-85.0000
-87.5000
-90.0000