1.00000000000000e-05
1.00000000000000e-05
1.00000000000000e-05
1.00000000000000e-05
1.00000000000000e-05
1.00000000000000e-05
1.00000000000000e-05
1.00000000000000e-05
1.00000000000000e-05
1.00000000000000e-05
1.00000000000000e-05
1.00000000000000e-05
1.00000000000000e-05
1.00000000000000e-05
1.00000000000000e-05
1.00000000000000e-05
1.00000000000000e-05
1.00000000000000e-05
1.00000000000000e-05
1.00000000000000e-05
1.00000000000000e-05
1.00000000000000e-05
1.00000000000000e-05
1.00000000000000e-05
1.00000000000000e-05
1.00000000000000e-05
1.00000000000000e-05
1.00000000000000e-05
1.00000000000000e-05
1.00000000000000e-05
1.00000000000000e-05
1.00000000000000e-05
1.00000000000000e-05
1.00000000000000e-05
1.00000000000000e-05
1.00000000000000e-05
1.00000000000000e-05
1.00000000000000e-05
1.00000000000000e-05
1.00000000000000e-05
1.00000000000000e-05
1.00000000000000e-05
1.00000000000000e-05
0.00218333497605636
0.0734751816904657
0.133840843022724
0.188632306203299
0.265854175302334
0.374688959427288
0.514242574530612
0.613449268425402
0.731794727955296
0.872971167180209
1.04138309503444
1.24228472989148
1.48194392388375
1.76783771118865
2.10888558111588
2.51406072981244
2.94366891803116
3.44668949171692
4.03566731963099
4.72529096510653
5.53275900525890
6.47820894762262
7.58521944100001
8.88139830519657
10.2085927279203
11.0946000466450
12.0575042491769
13.1039792428465
14.2412781657259
15.4772836582673
16.8205624980332
18.2804249761947
19.8669894273369
20.9636144365529
22.0639660551005
23.2220736340099
24.4409687051127
25.7238419212241
27.0740514081877
28.4951315553065
29.9908022671727
31.5649787011125
33.2217815157372
34.9655476574258
36.8008417129759
38.7324678581399
40.7654824333237
42.9052071793659
45.1572431680461
47.5274854637861
50.0225090053440
52.6932001218926
55.5064788691266
58.4699579703216
61.5916565904294
64.8800220359132
68.3439526131316
71.9928217071272
75.8365031459762
79.8853979193357
84.1504623234891
88.6432376090469
92.2280942575168
95.4695962539011
98.8250259561231
102.298387533291
105.893825887359
109.615631599404
113.468246049750
117.456266718045
120.621680386335
122.274254522438
123.949469706707
125.647636132220
127.369068241851
129.114084786489
130.883008884059
132.676168079359
134.493894404701
136.336524441401
138.204399382096
140.097865093924
142.017272182567
143.962976057171
145.935336996155
147.934720213923
149.961495928490
152.016039430032
154.098731150380
156.209956733458
158.350107106698
160.519578553420
162.718772786215
164.948097021326
167.207964054051
169.498792335179
171.821006048475
174.175035189220
176.561315643835
178.980289270590
181.432403981425
183.918113824884
186.437879070190
188.992166292476
191.581448459171
194.206205017585
196.866921983681
199.564092032072
200.000000000000
200.000000000000
200.000000000000
200.000000000000
200.000000000000
200.000000000000
200.000000000000
200.000000000000
200.000000000000
200.000000000000
200.000000000000
200.000000000000
200.000000000000
200.000000000000
200.000000000000
200.000000000000
200.000000000000
200.000000000000
200.000000000000
200.000000000000
200.000000000000
200.000000000000
200.000000000000
200.000000000000
200.000000000000
200.000000000000
200.000000000000
200.000000000000
200.000000000000
200.000000000000
200.000000000000
200.000000000000
200.000000000000
200.000000000000
200.000000000000
200.000000000000
200.000000000000
200.000000000000
200.000000000000
200.000000000000
200.000000000000
200.000000000000
200.000000000000
200.000000000000
200.000000000000
200.000000000000
200.000000000000
200.000000000000
200.000000000000