1.00000000000000e-05
1.00000000000000e-05
1.00000000000000e-05
1.00000000000000e-05
1.00000000000000e-05
1.00000000000000e-05
1.00000000000000e-05
1.00000000000000e-05
1.00000000000000e-05
1.00000000000000e-05
1.00000000000000e-05
1.00000000000000e-05
1.00000000000000e-05
1.00000000000000e-05
1.00000000000000e-05
1.00000000000000e-05
1.00000000000000e-05
1.00000000000000e-05
1.00000000000000e-05
1.00000000000000e-05
1.00000000000000e-05
1.00000000000000e-05
1.00000000000000e-05
1.00000000000000e-05
1.00000000000000e-05
1.00000000000000e-05
1.00000000000000e-05
1.00000000000000e-05
1.00000000000000e-05
1.00000000000000e-05
1.00000000000000e-05
1.00000000000000e-05
1.00000000000000e-05
1.00000000000000e-05
1.00000000000000e-05
1.00000000000000e-05
1.00000000000000e-05
1.00000000000000e-05
1.00000000000000e-05
1.00000000000000e-05
1.00000000000000e-05
1.00000000000000e-05
1.00000000000000e-05
1.00000000000000e-05
1.00000000000000e-05
1.00000000000000e-05
1.00000000000000e-05
0.0201960634497599
0.0481592135201487
0.107781023660220
0.172554670390165
0.276255627032496
0.442278214171524
0.708076142491545
1.03884002211605
1.19853203522528
1.38277213900099
1.59533390197449
1.84057097117094
2.12350624262687
2.44993473933068
2.70732543777396
2.97058846947522
3.25945146152610
3.57640377965969
3.92417685802119
4.30576773814237
4.72446489686921
5.18387658582324
5.68796192662037
6.24106502981977
6.84795243163358
7.51385417101967
8.24450886115189
9.04621314368522
9.92587595200298
10.7743371105320
11.6843439508453
12.6712105033546
13.7414283844928
14.9020374964298
16.1606723356072
17.5256122125198
19.0058357130897
20.6110797598790
22.3519036616483
24.2397585725775
26.3436090994268
28.6679296007873
31.1973270061003
33.9498954364263
36.9453254735220
40.2050450170151
43.7523725695336
47.6126840463214
51.8135943026185
56.3851546773651
61.3600679663661
65.8193037607188
68.4598940461305
71.2064215970101
74.0631364873948
75.1189395928315
75.2940821426454
75.4696330437076
75.6455932481039
75.8219637101401
75.9987453863467
76.1759392354848
76.3535462185503
76.5315672987803
76.7100034416574
76.8888556149152
77.0297762392767
77.1082435798746
77.1867908522060
77.2654181376942
77.3441255178457
77.4229130742500
77.5017808885795
77.5807290425900
77.6597576181204
77.7388666970933
77.8180563615144
77.8973266934730
77.9766777751422
78.0561096887788
78.1356225167230
78.2152163413994
78.2948912453163
78.3746473110660
78.4544846213251
78.5344032588542
78.6144033064984
78.6944848471873
78.7746479639345
78.8548927398387
78.9352192580829
79.0156276019349
79.0961178547476
79.1766900999584
79.2573444210899
79.3380809017498
79.4188996256308
79.4998006765112
79.5807841382543
79.6618500948090
79.7429986302095
79.8242298285760
79.9055437741140
79.9869405511151
80.0000000000000
80.0000000000000
80.0000000000000
80.0000000000000
80.0000000000000
80.0000000000000
80.0000000000000
80.0000000000000
80.0000000000000
80.0000000000000
80.0000000000000
80.0000000000000
80.0000000000000
80.0000000000000
80.0000000000000
80.0000000000000
80.0000000000000
80.0000000000000
80.0000000000000
80.0000000000000
80.0000000000000
80.0000000000000
80.0000000000000
80.0000000000000
80.0000000000000
80.0000000000000
80.0000000000000
80.0000000000000
80.0000000000000
80.0000000000000
80.0000000000000
80.0000000000000
80.0000000000000
80.0000000000000
80.0000000000000
80.0000000000000
80.0000000000000
80.0000000000000
80.0000000000000
80.0000000000000
80.0000000000000
80.0000000000000
80.0000000000000
80.0000000000000
80.0000000000000
80.0000000000000
80.0000000000000
80.0000000000000
80.0000000000000