1.00000000000000e-05
1.00000000000000e-05
1.00000000000000e-05
1.00000000000000e-05
1.00000000000000e-05
1.00000000000000e-05
1.00000000000000e-05
1.00000000000000e-05
1.00000000000000e-05
1.00000000000000e-05
1.00000000000000e-05
1.00000000000000e-05
1.00000000000000e-05
1.00000000000000e-05
1.00000000000000e-05
1.00000000000000e-05
1.00000000000000e-05
1.00000000000000e-05
1.00000000000000e-05
1.00000000000000e-05
1.00000000000000e-05
1.00000000000000e-05
1.00000000000000e-05
1.00000000000000e-05
1.00000000000000e-05
1.00000000000000e-05
1.00000000000000e-05
1.00000000000000e-05
1.00000000000000e-05
1.00000000000000e-05
1.00000000000000e-05
1.00000000000000e-05
1.00000000000000e-05
1.00000000000000e-05
1.00000000000000e-05
1.00000000000000e-05
1.00000000000000e-05
1.00000000000000e-05
1.00000000000000e-05
1.00000000000000e-05
1.00000000000000e-05
0.0127036231035780
0.0207557114221663
0.0339115505181282
0.0554061113663108
0.0905248250178067
0.192551714337632
0.437992680114213
0.996291248268239
1.48980932659632
2.22355400245979
3.31867462069834
4.95315212757761
6.67282251517872
8.18218655535993
10.0329623145866
11.5105520771728
12.5026740009960
13.5803092785777
14.7508285097358
16.0222375838572
17.4032324370210
18.9032585287670
19.6358754145743
20.3370386261400
21.0632391654984
21.8153710724006
22.5943603112133
23.4011659108926
24.2367811456625
25.1022347578551
25.9985922244149
26.9269570686289
27.8884722186954
28.8843214148054
29.9157306664687
30.8185303270939
31.7337628110000
32.6761753872306
33.6465752358540
34.6457935081468
35.6746860384789
36.7341340773382
37.8250450461259
38.9483533143657
40.1050209999958
41.2960387934258
42.5224268060677
43.7852354440649
45.0855463079692
46.4244731191361
47.8031626736313
49.2227958244662
50.6845884930032
52.1897927103966
53.7396976899629
55.3356309313968
56.9789593577796
58.6710904863545
60.4134736340706
62.2076011589284
64.0550097381906
65.9572816845518
67.9160463013959
69.9329812783003
72.0098141279845
74.1483236659306
76.3503415339462
78.6177537689728
80.9525024184838
83.3565872038555
85.8320672331367
88.3810627646828
90.5506077830809
92.0167379583807
93.5066066567403
95.0205982352149
96.5591032740924
98.1225186776552
99.7112477765737
101.325700431958
102.966293141093
104.633449144889
106.327598537066
108.049178375115
109.798632793042
111.576413115955
113.382977976490
115.218793433134
117.084333090456
118.980078221290
120.116993555268
120.367059234178
120.617645512563
120.868753474233
121.120384205255
121.372538793958
121.625218330934
121.878423909048
122.132156623439
122.386417571527
122.641207853014
122.896528569895
123.152380826457
123.408765729286
123.665684387272
123.923137911614
124.181127415824
124.439654015732
124.698718829491
124.958322977584
125.000000000000
125.000000000000
125.000000000000
125.000000000000
125.000000000000
125.000000000000
125.000000000000
125.000000000000
125.000000000000
125.000000000000
125.000000000000
125.000000000000
125.000000000000
125.000000000000
125.000000000000
125.000000000000
125.000000000000
125.000000000000
125.000000000000
125.000000000000
125.000000000000
125.000000000000
125.000000000000
125.000000000000
125.000000000000
125.000000000000
125.000000000000
125.000000000000
125.000000000000
125.000000000000
125.000000000000
125.000000000000
125.000000000000
125.000000000000
125.000000000000
125.000000000000
125.000000000000
125.000000000000
125.000000000000
125.000000000000
125.000000000000
125.000000000000
125.000000000000
125.000000000000
125.000000000000
125.000000000000
125.000000000000
125.000000000000
125.000000000000